- name: Home
  latitude: 52.10716613969736
  longitude: 5.11601710287439
  radius: 250
- name: Sticky
  latitude: 52.087177
  longitude: 5.165543
  radius: 40
- name: University
  latitude: 52.085830
  longitude: 5.172055
  radius: 430
- name: Parents
  latitude: 52.101977
  longitude: 5.118848
  radius: 100